265
79
78
80
81
82
84
85
86
96
111
10
117
116
118
119
123
124
125
126
127
130
131
151
132
133
135
137
138
140
141
142
144
145
146
147
148
149
11
13
22
122
134
136
92
143
193
93
204
6
88
7
14
15
16
18
20
21
24
38
28
29
31
32
35
36
37
89
90
91
0
224
221
262
264
225
263
222
223
220
208
209
213
210
214
219
206
205
216
207
212
217
215
218
211
189
59
66
68
69
49
33
2
8
3
5
95
94
9
156
157
158
161
159
160
120
167
162
121
199
163
164
166
165
168
170
128
171
200
173
172
175
174
176
177
179
201
182
181
186
185
184
187
190
188
191
192
197
194
196
198
113
154
114
155
153
169
100
103
108
115
97
39
104
43
1
110
98
99
101
102
106
105
178
152
107
109
150
129
87
75
76
180
50
48
77
51
52
71
12
4
74
54
17
55
42
56
41
57
44
23
26
27
30
45
34
46
112
47
58
60
73
61
63
62
72
64
53
65
67
203
70
202
40
19
25
139
233
231
245
241
254
261
253
256
244
257
255
258
243
259
83
260
246
249
251
195
252
234
240
236
227
237
232
238
230
247
248
239
228
229
235
226
242
183
250
1312
266
267
268
269
270
271
272
273
274
275
276
277
278
279
280
281
282
283
284
285
286
287
288
289
290
291
292
293
294
295
296
297
298
299
300
301
302
303
304
305
306
307
308
309
310
311
312
313
314
315
316
317
318
319
320
321
322
323
324
325
326
327
593
407
406
408
409
410
412
413
414
424
439
338
445
444
446
447
451
452
453
454
455
458
459
479
460
461
463
465
466
468
469
470
472
473
474
475
476
477
339
341
350
450
462
464
420
471
521
421
532
334
416
335
342
343
344
346
348
349
352
366
356
357
359
360
363
364
365
417
418
419
328
552
549
590
592
553
591
550
551
548
536
537
541
538
542
547
534
533
544
535
540
545
543
546
539
517
387
394
396
397
377
361
330
336
331
333
423
422
337
484
485
486
489
487
488
448
495
490
449
527
491
492
494
493
496
498
456
499
528
501
500
503
502
504
505
507
529
510
509
514
513
512
515
518
516
519
520
525
522
524
526
441
482
442
483
481
497
428
431
436
443
425
367
432
371
329
438
426
427
429
430
434
433
506
480
435
437
478
457
415
403
404
508
378
376
405
379
380
399
340
332
402
382
345
383
370
384
369
385
372
351
354
355
358
373
362
374
440
375
386
388
401
389
391
390
400
392
381
393
395
531
398
530
368
347
353
467
561
559
573
569
582
589
581
584
572
585
583
586
571
587
411
588
574
577
579
523
580
562
568
564
555
565
560
566
558
575
576
567
556
557
563
554
570
511
578
1313
594
595
596
597
598
599
600
601
602
603
604
605
606
607
608
609
610
611
612
613
614
615
616
617
618
619
620
621
622
623
624
625
626
627
628
629
630
631
632
633
634
635
636
637
638
639
640
641
642
643
644
645
646
647
648
649
650
651
652
653
654
655
921
735
734
736
737
738
740
741
742
752
767
666
773
772
774
775
779
780
781
782
783
786
787
807
788
789
791
793
794
796
797
798
800
801
802
803
804
805
667
669
678
778
790
792
748
799
849
749
860
662
744
663
670
671
672
674
676
677
680
694
684
685
687
688
691
692
693
745
746
747
656
880
877
918
920
881
919
878
879
876
864
865
869
866
870
875
862
861
872
863
868
873
871
874
867
845
715
722
724
725
705
689
658
664
659
661
751
750
665
812
813
814
817
815
816
776
823
818
777
855
819
820
822
821
824
826
784
827
856
829
828
831
830
832
833
835
857
838
837
842
841
840
843
846
844
847
848
853
850
852
854
769
810
770
811
809
825
756
759
764
771
753
695
760
699
657
766
754
755
757
758
762
761
834
808
763
765
806
785
743
731
732
836
706
704
733
707
708
727
668
660
730
710
673
711
698
712
697
713
700
679
682
683
686
701
690
702
768
703
714
716
729
717
719
718
728
720
709
721
723
859
726
858
696
675
681
795
889
887
901
897
910
917
909
912
900
913
911
914
899
915
739
916
902
905
907
851
908
890
896
892
883
893
888
894
886
903
904
895
884
885
891
882
898
839
906
1314
922
923
924
925
926
927
928
929
930
931
932
933
934
935
936
937
938
939
940
941
942
943
944
945
946
947
948
949
950
951
952
953
954
955
956
957
958
959
960
961
962
963
964
965
966
967
968
969
970
971
972
973
974
975
976
977
978
979
980
981
982
983
1249
1063
1062
1064
1065
1066
1068
1069
1070
1080
1095
994
1101
1100
1102
1103
1107
1108
1109
1110
1111
1114
1115
1135
1116
1117
1119
1121
1122
1124
1125
1126
1128
1129
1130
1131
1132
1133
995
997
1006
1106
1118
1120
1076
1127
1177
1077
1188
990
1072
991
998
999
1000
1002
1004
1005
1008
1022
1012
1013
1015
1016
1019
1020
1021
1073
1074
1075
984
1208
1205
1246
1248
1209
1247
1206
1207
1204
1192
1193
1197
1194
1198
1203
1190
1189
1200
1191
1196
1201
1199
1202
1195
1173
1043
1050
1052
1053
1033
1017
986
992
987
989
1079
1078
993
1140
1141
1142
1145
1143
1144
1104
1151
1146
1105
1183
1147
1148
1150
1149
1152
1154
1112
1155
1184
1157
1156
1159
1158
1160
1161
1163
1185
1166
1165
1170
1169
1168
1171
1174
1172
1175
1176
1181
1178
1180
1182
1097
1138
1098
1139
1137
1153
1084
1087
1092
1099
1081
1023
1088
1027
985
1094
1082
1083
1085
1086
1090
1089
1162
1136
1091
1093
1134
1113
1071
1059
1060
1164
1034
1032
1061
1035
1036
1055
996
988
1058
1038
1001
1039
1026
1040
1025
1041
1028
1007
1010
1011
1014
1029
1018
1030
1096
1031
1042
1044
1057
1045
1047
1046
1056
1048
1037
1049
1051
1187
1054
1186
1024
1003
1009
1123
1217
1215
1229
1225
1238
1245
1237
1240
1228
1241
1239
1242
1227
1243
1067
1244
1230
1233
1235
1179
1236
1218
1224
1220
1211
1221
1216
1222
1214
1231
1232
1223
1212
1213
1219
1210
1226
1167
1234
1315
1250
1251
1252
1253
1254
1255
1256
1257
1258
1259
1260
1261
1262
1263
1264
1265
1266
1267
1268
1269
1270
1271
1272
1273
1274
1275
1276
1277
1278
1279
1280
1281
1282
1283
1284
1285
1286
1287
1288
1289
1290
1291
1292
1293
1294
1295
1296
1297
1298
1299
1300
1301
1302
1303
1304
1305
1306
1307
1308
1309
1310
1311
1316
1317
1318
1319
1320
1321
1322
1323
1324
1325
1326