1	0	0	0	0	0	0	0.380142990241005
2	0	0	0	0	0	0	0.812832533015109
3	0	0	0	0	0	0	0.244095915571690
4	0	0	0	0	0	0	0.884422659093575
5	0	0	0	0	0	0	0.712646794759150
6	0	0	0	0	0	0	0.378148438082143
7	0	0	0	0	0	0	0.248919610995933
8	0	0	0	0	0	0	0.252853745239273
9	0	0	0	0	0	0	0.767243594526935
10	0	0	0	0	0	0	0.0498618850472403
11	0	0	0	0	0	0	0.685288567608909
12	0	0	0	0	0	0	0.620278122151001
13	0	0	0	0	0	0	0.746684629968725
14	0	0	0	0	0	0	0.977255648345669
15	0	0	0	0	0	0	0.383913512660615
16	0	0	0	0	0	0	0.260205602313722
17	0	0	0	0	0	0	0.877469536014124
18	0	0	0	0	0	0	0.806095983510647
19	0	0	0	0	0	0	0.461121079779699
20	0	0	0	0	0	0	0.0909616879242212
21	0	0	0	0	0	0	0.564268825273198
22	0	0	0	0	0	0	0.187382889148607
23	0	0	0	0	0	0	0.531689585894733
24	0	0	0	0	0	0	0.355033321773383
25	0	0	0	0	0	0	0.314783504755494
26	0	0	0	0	0	0	0.726741468842694
27	0	0	0	0	0	0	0.515772858133538
28	0	0	0	0	0	0	0.790644897912478
29	0	0	0	0	0	0	0.204492581358956
30	0	0	0	0	0	0	0.678106077559796
31	0	0	0	0	0	0	0.0524855426380236
32	0	0	0	0	0	0	0.801172362362499
33	0	0	0	0	0	0	0.678568638819314
34	0	0	0	0	0	0	0.946008945084062
35	0	0	0	0	0	0	0.0915581428748301
36	0	0	0	0	0	0	0.908438370578178
37	0	0	0	0	0	0	0.509953037053204
38	0	0	0	0	0	0	0.614903565140055
39	0	0	0	0	0	0	0.316071200885960
40	0	0	0	0	0	0	0.0774874815154217
41	0	0	0	0	0	0	0.850614066003707
42	0	0	0	0	0	0	0.144526906948512
43	0	0	0	0	0	0	0.370485792654012
44	0	0	0	0	0	0	0.622391433081251
45	0	0	0	0	0	0	0.997551902431370
46	0	0	0	0	0	0	0.517344133245693
47	0	0	0	0	0	0	0.990511215150315
48	0	0	0	0	0	0	0.226534462555839
49	0	0	0	0	0	0	0.398005186420214
50	0	0	0	0	0	0	0.696568689511640
51	0	0	0	0	0	0	0.0646407594535227
52	0	0	0	0	0	0	0.747661582378364
53	0	0	0	0	0	0	0.420400431232813
54	0	0	0	0	0	0	0.811317420238023
55	0	0	0	0	0	0	0.379605285770611
56	0	0	0	0	0	0	0.319067820216784
57	0	0	0	0	0	0	0.986051066726614
58	0	0	0	0	0	0	0.718180905209727
59	0	0	0	0	0	0	0.413183358569897
60	0	0	0	0	0	0	0.0986302372429138
61	0	0	0	0	0	0	0.734559125166410
62	0	0	0	0	0	0	0.637306290353483
63	0	0	0	0	0	0	0.0738418767360661
64	0	0	0	0	0	0	0.120508166401978
65	0	0	0	0	0	0	0.981596208916383
66	0	0	0	0	0	0	0.496799421779149
67	0	0	0	0	0	0	0.0224136544401531
68	0	0	0	0	0	0	0.0538315489695107
69	0	0	0	0	0	0	0.140873797601841
70	0	0	0	0	0	0	0.893474311740186
71	0	0	0	0	0	0	0.465820073116048
72	0	0	0	0	0	0	0.560856738133542
73	0	0	0	0	0	0	0.494456347383399
74	0	0	0	0	0	0	0.0677854884858151
75	0	0	0	0	0	0	0.897646542373691
76	0	0	0	0	0	0	0.288565308881261
77	0	0	0	0	0	0	0.269046814753517
78	0	0	0	0	0	0	0.594194175430363
79	0	0	0	0	0	0	0.475879024056308
80	0	0	0	0	0	0	0.368311038073403
81	0	0	0	0	0	0	0.655611090496500
82	0	0	0	0	0	0	0.938200405804263
83	0	0	0	0	0	0	0.620425185783994
84	0	0	0	0	0	0	0.282840091614325
85	0	0	0	0	0	0	0.205181251932987
86	0	0	0	0	0	0	0.439134081593786
87	0	0	0	0	0	0	0.0272502196608165
88	0	0	0	0	0	0	0.876184335960346
89	0	0	0	0	0	0	0.610092246274455
90	0	0	0	0	0	0	0.203592380287419
91	0	0	0	0	0	0	0.519916824790401
92	0	0	0	0	0	0	0.0538243021501204
93	0	0	0	0	0	0	0.862187431116879
94	0	0	0	0	0	0	0.442934666053869
95	0	0	0	0	0	0	0.548009157335659
96	0	0	0	0	0	0	0.566860831789241
97	0	0	0	0	0	0	0.680394991214306
98	0	0	0	0	0	0	0.371378578093092
99	0	0	0	0	0	0	0.0782287091856850
100	0	0	0	0	0	0	0.456350723650029
101	0	0	0	0	0	0	0.0478438001602993
102	0	0	0	0	0	0	0.738256992026790
103	0	0	0	0	0	0	0.0380015353959609
104	0	0	0	0	0	0	0.954244324359415
105	0	0	0	0	0	0	0.742372334463615
106	0	0	0	0	0	0	0.937449567040730
107	0	0	0	0	0	0	0.513363986157654
108	0	0	0	0	0	0	0.240904799077728
109	0	0	0	0	0	0	0.259965278716868
110	0	0	0	0	0	0	0.758974161342075
111	0	0	0	0	0	0	0.993342763841508
112	0	0	0	0	0	0	0.356705749924566
113	0	0	0	0	0	0	0.752857841103010
114	0	0	0	0	0	0	0.110048497112667
115	0	0	0	0	0	0	0.597045229614403
116	0	0	0	0	0	0	0.430595200320603
117	0	0	0	0	0	0	0.730718017321590
118	0	0	0	0	0	0	0.261176170571255
119	0	0	0	0	0	0	0.0948076815835639
120	0	0	0	0	0	0	0.450963489291171
121	0	0	0	0	0	0	0.640074510267742
122	0	0	0	0	0	0	0.132038817368816
123	0	0	0	0	0	0	0.452822429824052
124	0	0	0	0	0	0	0.652199598948144
125	0	0	0	0	0	0	0.826998331558065
126	0	0	0	0	0	0	0.308076908420212
127	0	0	0	0	0	0	0.402363579005054
128	0	0	0	0	0	0	0.884231316046448
129	0	0	0	0	0	0	0.700579510055142
130	0	0	0	0	0	0	0.241872295147587
131	0	0	0	0	0	0	0.759831815719588
132	0	0	0	0	0	0	0.290925737193430
133	0	0	0	0	0	0	0.277438718955492
134	0	0	0	0	0	0	0.00610780302659897
135	0	0	0	0	0	0	0.374711141145558
136	0	0	0	0	0	0	0.436932780731988
137	0	0	0	0	0	0	0.304298468841678
138	0	0	0	0	0	0	0.290860330609039
139	0	0	0	0	0	0	0.242516308885001
140	0	0	0	0	0	0	0.936683610022335
141	0	0	0	0	0	0	0.860190240827037
142	0	0	0	0	0	0	0.397228260437835
143	0	0	0	0	0	0	0.479419104358615
144	0	0	0	0	0	0	0.564996093094860
145	0	0	0	0	0	0	0.489619389546546
146	0	0	0	0	0	0	0.269811632673816
147	0	0	0	0	0	0	0.989740142062216
148	0	0	0	0	0	0	0.183675696266124
149	0	0	0	0	0	0	0.861656724924023
150	0	0	0	0	0	0	0.0326325721064562
151	0	0	0	0	0	0	0.331958019586653
152	0	0	0	0	0	0	0.748746995782957
153	0	0	0	0	0	0	0.644366458181644
154	0	0	0	0	0	0	0.169237962651665
155	0	0	0	0	0	0	0.952205100722434
156	0	0	0	0	0	0	0.543270235392249
157	0	0	0	0	0	0	0.251413476155819
158	0	0	0	0	0	0	0.578572309853611
159	0	0	0	0	0	0	0.915476599033373
160	0	0	0	0	0	0	0.895596526144395
161	0	0	0	0	0	0	0.482506617380039
162	0	0	0	0	0	0	0.442739977763735
163	0	0	0	0	0	0	0.311754952248308
164	0	0	0	0	0	0	0.0553137719816675
165	0	0	0	0	0	0	0.753791773408712
166	0	0	0	0	0	0	0.131947479760919
167	0	0	0	0	0	0	0.355922119083384
168	0	0	0	0	0	0	0.395870964014701
169	0	0	0	0	0	0	0.885521227489635
170	0	0	0	0	0	0	0.0212395486219491
171	0	0	0	0	0	0	0.844080719207746
172	0	0	0	0	0	0	0.288070643822235
173	0	0	0	0	0	0	0.250342882536472
174	0	0	0	0	0	0	0.488379635024966
175	0	0	0	0	0	0	0.729036115345013
176	0	0	0	0	0	0	0.202616096163795
177	0	0	0	0	0	0	0.216276205436510
178	0	0	0	0	0	0	0.976334514779420
179	0	0	0	0	0	0	0.593235792436551
180	0	0	0	0	0	0	0.304403578093467
181	0	0	0	0	0	0	0.967702883195329
182	0	0	0	0	0	0	0.895969830651651
183	0	0	0	0	0	0	0.190025476792280
184	0	0	0	0	0	0	0.00179932387915660
185	0	0	0	0	0	0	0.711763763315269
186	0	0	0	0	0	0	0.867726788909873
187	0	0	0	0	0	0	0.118307909837995
188	0	0	0	0	0	0	0.0390229767276427
189	0	0	0	0	0	0	0.598194525429778
190	0	0	0	0	0	0	0.604313505631328
191	0	0	0	0	0	0	0.516432410448888
192	0	0	0	0	0	0	0.00750740409328399
193	0	0	0	0	0	0	0.688933363588118
194	0	0	0	0	0	0	0.946020375394758
195	0	0	0	0	0	0	0.873536456464217
196	0	0	0	0	0	0	0.113276452523982
197	0	0	0	0	0	0	0.354569341192520
198	0	0	0	0	0	0	0.241936830626701
199	0	0	0	0	0	0	0.560333309840618
200	0	0	0	0	0	0	0.612727107549885
201	0	0	0	0	0	0	0.300809090660725
202	0	0	0	0	0	0	0.798141714195157
203	0	0	0	0	0	0	0.795641626726704
204	0	0	0	0	0	0	0.781092265910387
205	0	0	0	0	0	0	0.351098432414600
206	0	0	0	0	0	0	0.0542973538999770
207	0	0	0	0	0	0	0.708704616979225
208	0	0	0	0	0	0	0.992928441303996
209	0	0	0	0	0	0	0.162476485189887
210	0	0	0	0	0	0	0.113566338672047
211	0	0	0	0	0	0	0.912875425886544
212	0	0	0	0	0	0	0.481656980372555
213	0	0	0	0	0	0	0.851805952008354
214	0	0	0	0	0	0	0.809913803104205
215	0	0	0	0	0	0	0.186759544269840
216	0	0	0	0	0	0	0.247199856745663
217	0	0	0	0	0	0	0.0541888413672694
218	0	0	0	0	0	0	0.608961456453878
219	0	0	0	0	0	0	0.777232429234510
220	0	0	0	0	0	0	0.511064089112722
221	0	0	0	0	0	0	0.0277500884482718
222	0	0	0	0	0	0	0.990385281566876
223	0	0	0	0	0	0	0.500939923753605
224	0	0	0	0	0	0	0.331997486961156
225	0	0	0	0	0	0	0.173883139944506
226	0	0	0	0	0	0	0.625636394848839
227	0	0	0	0	0	0	0.575134832806327
228	0	0	0	0	0	0	0.750985384525445
229	0	0	0	0	0	0	0.153518799776586
230	0	0	0	0	0	0	0.356787196602359
231	0	0	0	0	0	0	0.143950800246145
232	0	0	0	0	0	0	0.850607655245249
233	0	0	0	0	0	0	0.337869740308340
234	0	0	0	0	0	0	0.275196492845342
235	0	0	0	0	0	0	0.00601097311711618
236	0	0	0	0	0	0	0.801911968617498
237	0	0	0	0	0	0	0.497408284738571
238	0	0	0	0	0	0	0.537842841324121
239	0	0	0	0	0	0	0.870912524621325
240	0	0	0	0	0	0	0.722843568666448
241	0	0	0	0	0	0	0.668085931674845
242	0	0	0	0	0	0	0.178827792303708
243	0	0	0	0	0	0	0.550495354874599
244	0	0	0	0	0	0	0.959875078687972
245	0	0	0	0	0	0	0.596021671986299
246	0	0	0	0	0	0	0.808570708752388
247	0	0	0	0	0	0	0.984532354863445
248	0	0	0	0	0	0	0.885924447669938
249	0	0	0	0	0	0	0.213837003113112
250	0	0	0	0	0	0	0.0346300613124667
251	0	0	0	0	0	0	0.451123791403174
252	0	0	0	0	0	0	0.0137945567780947
253	0	0	0	0	0	0	0.473710749132909
254	0	0	0	0	0	0	0.951197090728795
255	0	0	0	0	0	0	0.248952278705433
256	0	0	0	0	0	0	0.386422800554417
257	0	0	0	0	0	0	0.431433376426054
258	0	0	0	0	0	0	0.830886484749040
259	0	0	0	0	0	0	0.824646819632836
260	0	0	0	0	0	0	0.452998612301112
261	0	0	0	0	0	0	0.380560169947678
262	0	0	0	0	0	0	0.925868542840634
263	0	0	0	0	0	0	0.740843627451167
264	0	0	0	0	0	0	0.737633073422826
265	0	0	0	0	0	0	0.946915999012028
266	0	0	0	0	0	0	0.510099705432381
267	0	0	0	0	0	0	0.791879184896751
268	0	0	6.43522300000000	1.90693630000000	0	0	0.452173502329059
269	6.15622570000000	1.83675230000000	0	0	0	0	0.849198707548984
270	10.2603762000000	3.06125380000000	0	0	0	0	0.390430829462498
271	0	0	0.429014900000000	0.127121900000000	0	0	0.738376511506287
272	0	0	10.7253717000000	3.71822720000000	0	0	0.976438557351852
273	6.15622570000000	1.83675230000000	0	0	0	0	0.523299058215110
274	6.15622570000000	1.83675230000000	0	0	0	0	0.429915301709775
275	0	0	4.29014870000000	1.27129090000000	0	0	0.207158082586558
276	10.2603762000000	3.06125380000000	10.7253717000000	3.17822720000000	10.4320447000000	3.10377660000000	0.323401379477045
277	8.20830090000000	2.44900310000000	8.58029740000000	2.54258170000000	0	0	0.110870218360110
278	6.15622570000000	1.83675230000000	0	0	0	0	0.375210054242112
279	8.20830090000000	2.44900310000000	8.58029740000000	2.54258170000000	0	0	0.329903979134036
280	2.05207520000000	0.612250800000000	0	0	0	0	0.342105172194619
281	6.15622570000000	1.83675230000000	6.43522300000000	1.90693630000000	6.25922680000000	1.86226600000000	0.817118851307115
282	20.5207523000000	6.12250770000000	21.4507543000000	6.35645430000000	20.8640894000000	6.20755320000000	0.531685314237565
283	0	0	6.43522300000000	1.90693630000000	0	0	0.521122048508881
284	20.5207523000000	6.12250770000000	21.4507543000000	6.35645430000000	20.8640894000000	6.20755320000000	0.774309708986650
285	10.2603762000000	3.06125380000000	10.7253717000000	3.17822720000000	10.4320447000000	3.10377660000000	0.120262770779979
286	20.5207523000000	6.12250770000000	21.4507435000000	6.35645430000000	20.8640894000000	6.20755320000000	0.625450151917525
287	6.15622570000000	1.83675230000000	6.43522300000000	1.90693630000000	6.25922680000000	1.86226600000000	0.346648685550547
288	0	0	6.43522300000000	1.90693630000000	0	0	0.334619385839875
289	0	0	0	0	10.4320447000000	3.10377660000000	0.574616563380975
290	0	0	0	0	10.4320447000000	3.10377660000000	0.863937641058783
291	6.15622570000000	1.83675230000000	6.43522300000000	1.90693630000000	6.25922680000000	1.86226600000000	0.198563072170653
292	20.5207523000000	6.12250770000000	21.4507435000000	6.35645430000000	20.8640894000000	6.20755320000000	0.672450963697648
293	10.2603762000000	3.06125380000000	0	0	0	0	0.901831370980072
294	41.0415046000000	12.2450154000000	42.9014870000000	12.7129087000000	41.7281788000000	12.4151064000000	0.199157181618953
295	136.668210400000	40.7759011000000	142.861951600000	42.3339859000000	138.954835500000	41.3423042000000	0.298284149829983
296	41.0415046000000	12.2450154000000	42.9014870000000	12.7129087000000	41.7281788000000	12.4151064000000	0.496520270263375
297	10.2603762000000	3.06125380000000	0	0	0	0	0.889904231684680
298	10.2603762000000	3.06125380000000	10.7253717000000	3.17822720000000	10.4320447000000	3.10377660000000	0.501414589868598
299	10.2603762000000	3.06125380000000	10.7253717000000	3.17822720000000	10.4320447000000	3.10377660000000	0.276995239103975
300	10.2603762000000	3.06125380000000	0	0	0	0	0.533958178666850
301	20.5207523000000	6.12250770000000	21.4507435000000	6.35645430000000	20.8640894000000	6.20755320000000	0.574249553785642
302	0	0	0	0	6.25922680000000	1.86226600000000	0.412804401721059
303	0	0	0	0	6.25922680000000	1.86226600000000	0.0147636628050427
304	10.2603762000000	3.06125380000000	10.7253717000000	3.17822720000000	10.4320447000000	3.10377660000000	0.702764803428255
305	0	0	10.7253717000000	3.17822720000000	0	0	0.506747151486991
306	20.5207523000000	6.12250770000000	21.4507435000000	6.35645430000000	20.8640894000000	6.20755320000000	0.381266098426960
307	0	0	10.7253717000000	3.17822720000000	0	0	0.0649315348738551
308	20.5207523000000	6.12250770000000	21.4507435000000	6.35645430000000	20.8640894000000	6.20755320000000	0.358579960661015
309	0	0	4.29014870000000	1.27129090000000	0	0	0.234251242532243
310	6.15622570000000	1.83675230000000	6.43522300000000	1.90693630000000	6.25922680000000	1.86226600000000	0.203504052888970
311	0	0	4.29014870000000	1.27129090000000	0	0	0.813779583164220
312	68.4025077000000	20.4083589000000	71.5024783000000	21.1881812000000	69.5469647000000	20.6918439000000	0.393434593593473
313	6.20000000000000	1.80000000000000	6.40000000000000	1.90000000000000	6.30000000000000	1.90000000000000	0.0535751708614938
314	41.0415046000000	12.2450154000000	42.9014870000000	12.7129087000000	41.7281788000000	12.4151064000000	0.375051578272469
315	10.2603762000000	3.06125380000000	0	0	0	0	0.774994177417674
316	0	0	0	0	4.17287190000000	1.24151060000000	0.165297620870777
317	20.5207523000000	6.12250770000000	21.4507435000000	6.35645430000000	20.8640894000000	6.20755320000000	0.912218897036660
318	6.15622570000000	1.83675230000000	6.43522300000000	1.90693630000000	6.25922680000000	1.86226600000000	0.319205781809233
319	10.2603762000000	3.06125380000000	10.7253717000000	3.17822720000000	10.4320447000000	3.10377660000000	0.329779668283949
320	20.5207523000000	6.12250770000000	21.4507435000000	6.35645430000000	20.8640894000000	6.20755320000000	0.204235670095109
321	6.15622570000000	1.83675230000000	6.43522300000000	1.90693630000000	6.25922680000000	1.86226600000000	0.767214736379813
322	68.4025077000000	20.4083589000000	71.5024783000000	21.1881812000000	69.5469647000000	20.6918439000000	0.0699731489528251
323	68.4025077000000	20.4083589000000	71.5024783000000	21.1881812000000	69.5469647000000	20.6918439000000	0.950033948013614
324	205.207523000000	61.2250770000000	214.507435000000	63.5645430000000	208.640894000000	62.0755320000000	0.158209784906886
325	205.207523000000	61.2250770000000	214.507435000000	63.5645430000000	208.640894000000	62.0755320000000	0.286445866401004
326	10.2603762000000	3.06125380000000	10.7253717000000	3.17822720000000	10.4320447000000	3.10377660000000	0.687129114736950
327	102.603762000000	30.6125380000000	107.253717000000	31.7822720000000	104.320447000000	31.0377660000000	0.141149823637791
328	68.4025077000000	20.4083589000000	71.5024783000000	21.1881812000000	69.5469647000000	20.6918439000000	0.512086650483433
329	10.2603762000000	3.06125380000000	10.7253717000000	3.17822720000000	10.4320447000000	3.10377660000000	0.721326927294165
330	0	0	0	0	0	0	0.928845135619855
331	0	0	0	0	0	0	0.732103850016260
332	0	0	0	0	0	0	0.749848020738123
333	0	0	0	0	0	0	0.407319603105505
334	0	0	0	0	0	0	0.239491695587883
335	0	0	0	0	0	0	0.520850475083039
336	0	0	0	0	0	0	0.219077360108904
337	0	0	0	0	0	0	0.842387903898747
338	0	0	0	0	0	0	0.662932909051294
339	0	0	0	0	0	0	0.816235285166455
340	0	0	0	0	0	0	0.793877600102571
341	0	0	0	0	0	0	0.469105203551762
342	0	0	0	0	0	0	0.309524979334574
343	0	0	0	0	0	0	0.687579247513742
344	0	0	0	0	0	0	0.986852223389968
345	0	0	0	0	0	0	0.769933875855542
346	0	0	0	0	0	0	0.829580846725193
347	0	0	0	0	0	0	0.706084765450312
348	0	0	0	0	0	0	0.595336418647749
349	0	0	0	0	0	0	0.752874120082542
350	0	0	0	0	0	0	0.496722203825239
351	0	0	0	0	0	0	0.865132654012061
352	0	0	0	0	0	0	0.0680276941294123
353	0	0	0	0	0	0	0.968545940212993
354	0	0	0	0	0	0	0.0987563119710001
355	0	0	0	0	0	0	0.546977086455275
356	0	0	0	0	0	0	0.402969908979534
357	0	0	0	0	0	0	0.107040155400183
358	0	0	0	0	0	0	0.724166170480622
359	0	0	0	0	0	0	0.613682347960576
360	0	0	0	0	0	0	0.782968192518063
361	0	0	0	0	0	0	0.566620582441644
362	0	0	0	0	0	0	0.811319158706923
363	0	0	0	0	0	0	0.576775860240990
364	0	0	0	0	0	0	0.944029193841664
365	0	0	0	0	0	0	0.871452148941678
366	0	0	0	0	0	0	0.507602207944769
367	0	0	0	0	0	0	0.788823165012461
368	0	0	0	0	0	0	0.473030640899700
369	0	0	0	0	0	0	0.828801698488441
370	0	0	0	0	0	0	0.322481588061953
371	0	0	0	0	0	0	0.976146535227356
372	0	0	0	0	0	0	0.278211040263144
373	0	0	0	0	0	0	0.0728308048124289
374	0	0	0	0	0	0	0.751223605872008
375	0	0	0	0	0	0	0.831188620534169
376	0	0	0	0	0	0	0.922338093331131
377	0	0	0	0	0	0	0.327024293370015
378	0	0	0	0	0	0	0.804069262570712
379	0	0	0	0	0	0	0.538250333300567
380	0	0	0	0	0	0	0.463294879079307
381	0	0	0	0	0	0	0.820750250854670
382	0	0	0	0	0	0	0.951906506191454
383	0	0	0	0	0	0	0.0762728894397720
384	0	0	0	0	0	0	0.708671064187825
385	0	0	0	0	0	0	0.234926443836988
386	0	0	0	0	0	0	0.398895557719012
387	0	0	0	0	0	0	0.268124426906609
388	0	0	0	0	0	0	0.832513316595536
389	0	0	0	0	0	0	0.995373810346204
390	0	0	0	0	0	0	0.649750982754640
391	0	0	0	0	0	0	0.703952831044269
392	0	0	0	0	0	0	0.932303197968758
393	0	0	0	0	0	0	0.687652548069517
394	0	0	0	0	0	0	0.568353918669942
395	0	0	0	0	0	0	0.380847529289527
396	0	0	0	0	0	0	0.634579484810422
397	0	0	0	0	0	0	0.363228621093965
398	0	0	0	0	0	0	0.407619444945905
399	0	0	0	0	0	0	0.368699723575791
400	0	0	0	0	0	0	0.468398760390358
401	0	0	0	0	0	0	0.503413843283962
402	0	0	0	0	0	0	0.910535782398710
403	0	0	0	0	0	0	0.206431022073808
404	0	0	0	0	0	0	0.338603675277383
405	0	0	0	0	0	0	0.574125621988358
406	0	0	0	0	0	0	0.486932439429646
407	0	0	0	0	0	0	0.262218985690441
408	0	0	0	0	0	0	0.579593462953119
409	0	0	0	0	0	0	0.878327698975432
410	0	0	0	0	0	0	0.0609502223844922
411	0	0	0	0	0	0	0.440876468930202
412	0	0	0	0	0	0	0.0842580013374562
413	0	0	0	0	0	0	0.563237615425729
414	0	0	0	0	0	0	0.539310580291570
415	0	0	0	0	0	0	0.768057900271301
416	0	0	0	0	0	0	0.233090272198938
417	0	0	0	0	0	0	0.587361742486469
418	0	0	0	0	0	0	0.458973866822360
419	0	0	0	0	0	0	0.860981521803687
420	0	0	0	0	0	0	0.660836094448244
421	0	0	0	0	0	0	0.353879166108453
422	0	0	0	0	0	0	0.347186297893882
423	0	0	0	0	0	0	0.253718102314479
424	0	0	0	0	0	0	0.952528145373397
425	0	0	0	0	0	0	0.298200989823935
426	0	0	0	0	0	0	0.158406077778295
427	0	0	0	0	0	0	0.361297056727092
428	0	0	0	0	0	0	0.741629092882824
429	0	0	0	0	0	0	0.705900010029432
430	0	0	0	0	0	0	0.700892172871074
431	0	0	0	0	0	0	0.00622578741150148
432	0	0	0	0	0	0	0.374345601275841
433	0	0	0	0	0	0	0.901495619292659
434	0	0	0	0	0	0	0.318344828077252
435	0	0	0	0	0	0	0.597082923214809
436	0	0	0	0	0	0	0.297795182472319
437	0	0	0	0	0	0	0.125014381285728
438	0	0	0	0	0	0	0.388355668657057
439	0	0	0	0	0	0	0.817687743973866
440	0	0	0	0	0	0	0.981175704243327
441	0	0	0	0	0	0	0.861989835287155
442	0	0	0	0	0	0	0.0838208820960060
443	0	0	0	0	0	0	0.337711990337124
444	0	0	0	0	0	0	0.236129166372143
445	0	0	0	0	0	0	0.317805387932171
446	0	0	0	0	0	0	0.984448405474350
447	0	0	0	0	0	0	0.548250891256417
448	0	0	0	0	0	0	0.749251259354427
449	0	0	0	0	0	0	0.841851734724089
450	0	0	0	0	0	0	0.166889706987028
451	0	0	0	0	0	0	0.903097609289584
452	0	0	0	0	0	0	0.105124127822219
453	0	0	0	0	0	0	0.745093096440724
454	0	0	0	0	0	0	0.729371937837905
455	0	0	0	0	0	0	0.717469602110285
456	0	0	0	0	0	0	0.133431767732035
457	0	0	0	0	0	0	0.445788999516268
458	0	0	0	0	0	0	0.508787231214571
459	0	0	0	0	0	0	0.530490290818691
460	0	0	0	0	0	0	0.859717043585490
461	0	0	0	0	0	0	0.677724910719689
462	0	0	0	0	0	0	0.805838258794752
463	0	0	0	0	0	0	0.531242869458582
464	0	0	0	0	0	0	0.955895838613192
465	0	0	0	0	0	0	0.0666769445993232
466	0	0	0	0	0	0	0.541518027449951
467	0	0	0	0	0	0	0.281660343494637
468	0	0	0	0	0	0	0.480900336365515
469	0	0	0	0	0	0	0.684863781348805
470	0	0	0	0	0	0	0.208258388796748
471	0	0	0	0	0	0	0.608160988594066
472	0	0	0	0	0	0	0.326176172376762
473	0	0	0	0	0	0	0.880847202361808
474	0	0	0	0	0	0	0.133394613360925
475	0	0	0	0	0	0	0.102407789887338
476	0	0	0	0	0	0	0.959116903133932
477	0	0	0	0	0	0	0.152901999674792
478	0	0	0	0	0	0	0.152538081095451
479	0	0	0	0	0	0	0.155552588056628
480	0	0	0	0	0	0	0.0895694029268610
481	0	0	0	0	0	0	0.454424561403129
482	0	0	0	0	0	0	0.668895692810288
483	0	0	0	0	0	0	0.831301681950567
484	0	0	0	0	0	0	0.790235136913714
485	0	0	0	0	0	0	0.712710917791988
486	0	0	0	0	0	0	0.472597505041781
487	0	0	0	0	0	0	0.708588152395749
488	0	0	0	0	0	0	0.958059481020265
489	0	0	0	0	0	0	0.505775562297944
490	0	0	0	0	0	0	0.305053115317479
491	0	0	0	0	0	0	0.789811183801969
492	0	0	0	0	0	0	0.236386963587832
493	0	0	0	0	0	0	0.234302833273045
494	0	0	0	0	0	0	0.464699398608742
495	0	0	0	0	0	0	0.619386801215951
496	0	0	0	0	0	0	0.615329400167534
497	0	0	0	0	0	0	0.122623901556050
498	0	0	0	0	0	0	0.123793528327212
499	0	0	0	0	0	0	0.284458991295818
500	0	0	0	0	0	0	0.735732806826117
501	0	0	0	0	0	0	0.411308102983038
502	0	0	0	0	0	0	0.828981892712714
503	0	0	0	0	0	0	0.935114116049739
504	0	0	0	0	0	0	0.399066658162043
505	0	0	0	0	0	0	0.0522113801305755
506	0	0	0	0	0	0	0.571186102238472
507	0	0	0	0	0	0	0.747669975681756
508	0	0	0	0	0	0	0.320243558104215
509	0	0	0	0	0	0	0.492934318642196
510	0	0	0	0	0	0	0.221652754475949
511	0	0	0	0	0	0	0.939273742656297
512	0	0	0	0	0	0	0.482305289358003
513	0	0	0	0	0	0	0.539996086873947
514	0	0	0	0	0	0	0.221057099703633
515	0	0	0	0	0	0	0.0959450018211512
516	0	0	0	0	0	0	0.0601654164594785
517	0	0	0	0	0	0	0.819508874942269
518	0	0	0	0	0	0	0.771478304726038
519	0	0	0	0	0	0	0.195695731019737
520	0	0	0	0	0	0	0.895118154553159
521	0	0	0	0	0	0	0.684300146224145
522	0	0	0	0	0	0	0.656846481247616
523	0	0	0	0	0	0	0.990381201487954
524	0	0	0	0	0	0	0.0336917931210119
525	0	0	0	0	0	0	0.424253270424153
526	0	0	0	0	0	0	0.489983672806254
527	0	0	0	0	0	0	0.583504470467278
528	0	0	0	0	0	0	0.0832697475812942
529	0	0	0	0	0	0	0.660154629977784
530	0	0	0	0	0	0	0.0523052207703927
531	0	0	0	0	0	0	0.556830534131996
532	0	0	0	0	0	0	0.712025249134944
533	0	0	0	0	0	0	0.487910625260071
534	0	0	0	0	0	0	0.617600645905979
535	0	0	0	0	0	0	0.213777574762031
536	0	0	0	0	0	0	0.645658662061356
537	0	0	0	0	0	0	0.380642291284627
538	0	0	0	0	0	0	0.103712840186889
539	0	0	0	0	0	0	0.377511518762747
540	0	0	0	0	0	0	0.262860807508653
541	0	0	0	0	0	0	0.241285612653001
542	0	0	0	0	0	0	0.622924050374514
543	0	0	0	0	0	0	0.522927762157550
544	0	0	0	0	0	0	0.413237746494176
545	0	0	0	0	0	0	0.217792035525866
546	0	0	0	0	0	0	0.858553617120829
547	0	0	0	0	0	0	0.861008253299634
548	0	0	0	0	0	0	0.283939011564831
549	0	0	0	0	0	0	0.615392848945124
550	0	0	0	0	0	0	0.779489501843974
551	0	0	0	0	0	0	0.954847311419425
552	0	0	0	0	0	0	0.919603246226261
553	0	0	0	0	0	0	0.384815703553521
554	0	0	0	0	0	0	0.162643016406274
555	0	0	0	0	0	0	0.796751419775717
556	0	0	0	0	0	0	0.113817179634133
557	0	0	0	0	0	0	0.158824298675419
558	0	0	0	0	0	0	0.355828116252427
559	0	0	0	0	0	0	0.847758564395726
560	0	0	0	0	0	0	0.582781196988989
561	0	0	0	0	0	0	0.586177665240051
562	0	0	0	0	0	0	0.925837988949836
563	0	0	0	0	0	0	0.575078267707539
564	0	0	0	0	0	0	0.00997739496020689
565	0	0	0	0	0	0	0.809377285817869
566	0	0	0	0	0	0	0.608808359591158
567	0	0	0	0	0	0	0.479913680376225
568	0	0	0	0	0	0	0.268440158291067
569	0	0	0	0	0	0	0.258096383995900
570	0	0	0	0	0	0	0.481009535929008
571	0	0	0	0	0	0	0.227341483977128
572	0	0	0	0	0	0	0.0486022982418921
573	0	0	0	0	0	0	0.169241814542259
574	0	0	0	0	0	0	0.258446307750630
575	0	0	0	0	0	0	0.197910057556161
576	0	0	0	0	0	0	0.605693064183021
577	0	0	0	0	0	0	0.823703645379920
578	0	0	0	0	0	0	0.810614962671604
579	0	0	0	0	0	0	0.802237016029934
580	0	0	0	0	0	0	0.708113376406747
581	0	0	0	0	0	0	0.859377854303028
582	0	0	0	0	0	0	0.781084518001382
583	0	0	0	0	0	0	0.203796851047344
584	0	0	0	0	0	0	0.993343249930919
585	0	0	0	0	0	0	0.0936245282198501
586	0	0	0	0	0	0	0.650618543907727
587	0	0	0	0	0	0	0.215176526117364
588	0	0	0	0	0	0	0.243873102142320
589	0	0	0	0	0	0	0.339687805074701
590	0	0	0	0	0	0	0.197862340505416
591	0	0	0	0	0	0	0.506833376635887
592	0	0	0	0	0	0	0.950757982745890
593	0	0	0	0	0	0	0.394607218303451
594	0	0	0	0	0	0	0.584464840318106
595	0	0	0	0	0	0	0.606537245952291
596	0	0	0	0	0	0	0.714642867087912
597	0	0	6.43522300000000	1.90693630000000	0	0	0.401536353789315
598	6.15622570000000	1.83675230000000	0	0	0	0	0.858691021937975
599	10.2603762000000	3.06125380000000	0	0	0	0	0.920484982161385
600	0	0	0.429014900000000	0.127121900000000	0	0	0.750838889493125
601	0	0	10.7253717000000	3.71822720000000	0	0	0.285591705194893
602	6.15622570000000	1.83675230000000	0	0	0	0	0.796815787888053
603	6.15622570000000	1.83675230000000	0	0	0	0	0.142765830129545
604	0	0	4.29014870000000	1.27129090000000	0	0	0.504550190608271
605	10.2603762000000	3.06125380000000	10.7253717000000	3.17822720000000	10.4320447000000	3.10377660000000	0.610687951481901
606	8.20830090000000	2.44900310000000	8.58029740000000	2.54258170000000	0	0	0.703796735351530
607	6.15622570000000	1.83675230000000	0	0	0	0	0.383339931019849
608	8.20830090000000	2.44900310000000	8.58029740000000	2.54258170000000	0	0	0.728683436587994
609	2.05207520000000	0.612250800000000	0	0	0	0	0.887284680027887
610	6.15622570000000	1.83675230000000	6.43522300000000	1.90693630000000	6.25922680000000	1.86226600000000	0.0558483212688232
611	20.5207523000000	6.12250770000000	21.4507543000000	6.35645430000000	20.8640894000000	6.20755320000000	0.138216342567174
612	0	0	6.43522300000000	1.90693630000000	0	0	0.863064978725380
613	20.5207523000000	6.12250770000000	21.4507543000000	6.35645430000000	20.8640894000000	6.20755320000000	0.421746482549435
614	10.2603762000000	3.06125380000000	10.7253717000000	3.17822720000000	10.4320447000000	3.10377660000000	0.411314174537886
615	20.5207523000000	6.12250770000000	21.4507435000000	6.35645430000000	20.8640894000000	6.20755320000000	0.959141340568648
616	6.15622570000000	1.83675230000000	6.43522300000000	1.90693630000000	6.25922680000000	1.86226600000000	0.750245292973041
617	0	0	6.43522300000000	1.90693630000000	0	0	0.980997114259686
618	0	0	0	0	10.4320447000000	3.10377660000000	0.233515805625746
619	0	0	0	0	10.4320447000000	3.10377660000000	0.0962267612082910
620	6.15622570000000	1.83675230000000	6.43522300000000	1.90693630000000	6.25922680000000	1.86226600000000	0.384582199218900
621	20.5207523000000	6.12250770000000	21.4507435000000	6.35645430000000	20.8640894000000	6.20755320000000	0.500272550942528
622	10.2603762000000	3.06125380000000	0	0	0	0	0.570255868872406
623	41.0415046000000	12.2450154000000	42.9014870000000	12.7129087000000	41.7281788000000	12.4151064000000	0.976631596742213
624	136.668210400000	40.7759011000000	142.861951600000	42.3339859000000	138.954835500000	41.3423042000000	0.492855181015119
625	41.0415046000000	12.2450154000000	42.9014870000000	12.7129087000000	41.7281788000000	12.4151064000000	0.400882866391995
626	10.2603762000000	3.06125380000000	0	0	0	0	0.994990261820298
627	10.2603762000000	3.06125380000000	10.7253717000000	3.17822720000000	10.4320447000000	3.10377660000000	0.260998008345242
628	10.2603762000000	3.06125380000000	10.7253717000000	3.17822720000000	10.4320447000000	3.10377660000000	0.665324710740160
629	10.2603762000000	3.06125380000000	0	0	0	0	0.964256616169518
630	20.5207523000000	6.12250770000000	21.4507435000000	6.35645430000000	20.8640894000000	6.20755320000000	0.671151036378406
631	0	0	0	0	6.25922680000000	1.86226600000000	0.299174856434414
632	0	0	0	0	6.25922680000000	1.86226600000000	0.531126526815322
633	10.2603762000000	3.06125380000000	10.7253717000000	3.17822720000000	10.4320447000000	3.10377660000000	0.00146317517242300
634	0	0	10.7253717000000	3.17822720000000	0	0	0.883788809402268
635	20.5207523000000	6.12250770000000	21.4507435000000	6.35645430000000	20.8640894000000	6.20755320000000	0.404383857307768
636	0	0	10.7253717000000	3.17822720000000	0	0	0.301205586513473
637	20.5207523000000	6.12250770000000	21.4507435000000	6.35645430000000	20.8640894000000	6.20755320000000	0.950581591408450
638	0	0	4.29014870000000	1.27129090000000	0	0	0.460648193206215
639	6.15622570000000	1.83675230000000	6.43522300000000	1.90693630000000	6.25922680000000	1.86226600000000	0.287647511041730
640	0	0	4.29014870000000	1.27129090000000	0	0	0.0846266385763814
641	68.4025077000000	20.4083589000000	71.5024783000000	21.1881812000000	69.5469647000000	20.6918439000000	0.582181335168515
642	6.20000000000000	1.80000000000000	6.40000000000000	1.90000000000000	6.30000000000000	1.90000000000000	0.153068697443093
643	41.0415046000000	12.2450154000000	42.9014870000000	12.7129087000000	41.7281788000000	12.4151064000000	0.0730943061694905
644	10.2603762000000	3.06125380000000	0	0	0	0	0.580564776830846
645	0	0	0	0	4.17287190000000	1.24151060000000	0.287014752397109
646	20.5207523000000	6.12250770000000	21.4507435000000	6.35645430000000	20.8640894000000	6.20755320000000	0.361920084401165
647	6.15622570000000	1.83675230000000	6.43522300000000	1.90693630000000	6.25922680000000	1.86226600000000	0.724824693820157
648	10.2603762000000	3.06125380000000	10.7253717000000	3.17822720000000	10.4320447000000	3.10377660000000	0.858311678125839
649	20.5207523000000	6.12250770000000	21.4507435000000	6.35645430000000	20.8640894000000	6.20755320000000	0.347915686667056
650	6.15622570000000	1.83675230000000	6.43522300000000	1.90693630000000	6.25922680000000	1.86226600000000	0.961745605325867
651	68.4025077000000	20.4083589000000	71.5024783000000	21.1881812000000	69.5469647000000	20.6918439000000	0.953569051566716
652	68.4025077000000	20.4083589000000	71.5024783000000	21.1881812000000	69.5469647000000	20.6918439000000	0.206037376830358
653	205.207523000000	61.2250770000000	214.507435000000	63.5645430000000	208.640894000000	62.0755320000000	0.768244859070775
654	205.207523000000	61.2250770000000	214.507435000000	63.5645430000000	208.640894000000	62.0755320000000	0.615531879840537
655	10.2603762000000	3.06125380000000	10.7253717000000	3.17822720000000	10.4320447000000	3.10377660000000	0.918922487452317
656	102.603762000000	30.6125380000000	107.253717000000	31.7822720000000	104.320447000000	31.0377660000000	0.602537261209495
657	68.4025077000000	20.4083589000000	71.5024783000000	21.1881812000000	69.5469647000000	20.6918439000000	0.702138228304602
658	10.2603762000000	3.06125380000000	10.7253717000000	3.17822720000000	10.4320447000000	3.10377660000000	0.743674955204088
659	0	0	0	0	0	0	0.385102276784062
660	0	0	0	0	0	0	0.251503789174940
661	0	0	0	0	0	0	0.0367597374258490
662	0	0	0	0	0	0	0.472122874247366
663	0	0	0	0	0	0	0.645072328435394
664	0	0	0	0	0	0	0.278969940402046
665	0	0	0	0	0	0	0.517860909872254
666	0	0	0	0	0	0	0.245666638599838
667	0	0	0	0	0	0	0.297508174424547
668	0	0	0	0	0	0	0.650474093241864
669	0	0	0	0	0	0	0.891393305520928
670	0	0	0	0	0	0	0.861106466709371
671	0	0	0	0	0	0	0.209915076762285
672	0	0	0	0	0	0	0.399093911604274
673	0	0	0	0	0	0	0.887883023404443
674	0	0	0	0	0	0	0.256528011903830
675	0	0	0	0	0	0	0.966801604367428
676	0	0	0	0	0	0	0.619157352979331
677	0	0	0	0	0	0	0.165345766530944
678	0	0	0	0	0	0	0.826199028826719
679	0	0	0	0	0	0	0.655693101208612
680	0	0	0	0	0	0	0.546452584058729
681	0	0	0	0	0	0	0.251329283428934
682	0	0	0	0	0	0	0.0401563845552436
683	0	0	0	0	0	0	0.233375412573706
684	0	0	0	0	0	0	0.361112936249855
685	0	0	0	0	0	0	0.633455035012366
686	0	0	0	0	0	0	0.986098096222033
687	0	0	0	0	0	0	0.207156646144958
688	0	0	0	0	0	0	0.757083941555770
689	0	0	0	0	0	0	0.886328109630447
690	0	0	0	0	0	0	0.472229859496957
691	0	0	0	0	0	0	0.158913526072725
692	0	0	0	0	0	0	0.810920785648706
693	0	0	0	0	0	0	0.476507752716948
694	0	0	0	0	0	0	0.116287532246184
695	0	0	0	0	0	0	0.875720612784640
696	0	0	0	0	0	0	0.635186379463005
697	0	0	0	0	0	0	0.0972813490916307
698	0	0	0	0	0	0	0.908439456239631
699	0	0	0	0	0	0	0.0350160215102984
700	0	0	0	0	0	0	0.0397496941127982
701	0	0	0	0	0	0	0.988567891226263
702	0	0	0	0	0	0	0.686181598460337
703	0	0	0	0	0	0	0.376689192738032
704	0	0	0	0	0	0	0.504324252798860
705	0	0	0	0	0	0	0.763495679287094
706	0	0	0	0	0	0	0.0488747967795120
707	0	0	0	0	0	0	0.725927656593860
708	0	0	0	0	0	0	0.701328058598017
709	0	0	0	0	0	0	0.458890825812503
710	0	0	0	0	0	0	0.582294808955250
711	0	0	0	0	0	0	0.339089801284837
712	0	0	0	0	0	0	0.170625413666577
713	0	0	0	0	0	0	0.399193403900560
714	0	0	0	0	0	0	0.919777194544381
715	0	0	0	0	0	0	0.226045437313252
716	0	0	0	0	0	0	0.361006696151087
717	0	0	0	0	0	0	0.324562012755833
718	0	0	0	0	0	0	0.0835821136679928
719	0	0	0	0	0	0	0.512665533605464
720	0	0	0	0	0	0	0.832864824781385
721	0	0	0	0	0	0	0.904613498537146
722	0	0	0	0	0	0	0.723595912269745
723	0	0	0	0	0	0	0.382995824300504
724	0	0	0	0	0	0	0.298017055986365
725	0	0	0	0	0	0	0.691711635714817
726	0	0	0	0	0	0	0.880456926829212
727	0	0	0	0	0	0	0.924548307619519
728	0	0	0	0	0	0	0.0812527753704966
729	0	0	0	0	0	0	0.482673014572774
730	0	0	0	0	0	0	0.128265055730776
731	0	0	0	0	0	0	0.252911159241006
732	0	0	0	0	0	0	0.883961534752615
733	0	0	0	0	0	0	0.196276913213410
734	0	0	0	0	0	0	0.121353654736966
735	0	0	0	0	0	0	0.543694993460822
736	0	0	0	0	0	0	0.314620748221422
737	0	0	0	0	0	0	0.382040915068017
738	0	0	0	0	0	0	0.791539262851844
739	0	0	0	0	0	0	0.839179479540260
740	0	0	0	0	0	0	0.680236385926769
741	0	0	0	0	0	0	0.416922007301322
742	0	0	0	0	0	0	0.642889807506086
743	0	0	0	0	0	0	0.214081451540123
744	0	0	0	0	0	0	0.617270805784742
745	0	0	0	0	0	0	0.675191145845720
746	0	0	0	0	0	0	0.601023484608767
747	0	0	0	0	0	0	0.346309504003818
748	0	0	0	0	0	0	0.364401368261552
749	0	0	0	0	0	0	0.171481076831545
750	0	0	0	0	0	0	0.795361567918927
751	0	0	0	0	0	0	0.492666912300111
752	0	0	0	0	0	0	0.354622854548100
753	0	0	0	0	0	0	0.775061199974026
754	0	0	0	0	0	0	0.236804807064439
755	0	0	0	0	0	0	0.844833449014199
756	0	0	0	0	0	0	0.816526970819136
757	0	0	0	0	0	0	0.846228364063407
758	0	0	0	0	0	0	0.370186850863759
759	0	0	0	0	0	0	0.383229531559576
760	0	0	0	0	0	0	0.861334748060102
761	0	0	0	0	0	0	0.463909192882959
762	0	0	0	0	0	0	0.570548219905534
763	0	0	0	0	0	0	0.695306808701783
764	0	0	0	0	0	0	0.960917273175491
765	0	0	0	0	0	0	0.546312979252437
766	0	0	0	0	0	0	0.636576573431728
767	0	0	0	0	0	0	0.570892489230996
768	0	0	0	0	0	0	0.927112147047291
769	0	0	0	0	0	0	0.863765569817539
770	0	0	0	0	0	0	0.169839250866394
771	0	0	0	0	0	0	0.178699029167114
772	0	0	0	0	0	0	0.243504367623195
773	0	0	0	0	0	0	0.751779355061302
774	0	0	0	0	0	0	0.199134375117022
775	0	0	0	0	0	0	0.982940511503982
776	0	0	0	0	0	0	0.709638702479070
777	0	0	0	0	0	0	0.175436145519359
778	0	0	0	0	0	0	0.858297392360323
779	0	0	0	0	0	0	0.909411483043429
780	0	0	0	0	0	0	0.961663080193266
781	0	0	0	0	0	0	0.570599704085960
782	0	0	0	0	0	0	0.562879230350446
783	0	0	0	0	0	0	0.176661204694203
784	0	0	0	0	0	0	0.513679060375601
785	0	0	0	0	0	0	0.548471915929806
786	0	0	0	0	0	0	0.165277442620174
787	0	0	0	0	0	0	0.493893038532447
788	0	0	0	0	0	0	0.535117267476248
789	0	0	0	0	0	0	0.198807159832174
790	0	0	0	0	0	0	0.623168912334087
791	0	0	0	0	0	0	0.0263153936543578
792	0	0	0	0	0	0	0.318790961250692
793	0	0	0	0	0	0	0.532999534410550
794	0	0	0	0	0	0	0.326773737487972
795	0	0	0	0	0	0	0.602190440610650
796	0	0	0	0	0	0	0.361932727456263
797	0	0	0	0	0	0	0.134920636585675
798	0	0	0	0	0	0	0.913813503547356
799	0	0	0	0	0	0	0.640558837291562
800	0	0	0	0	0	0	0.658774142295879
801	0	0	0	0	0	0	0.675330331309865
802	0	0	0	0	0	0	0.744557714206159
803	0	0	0	0	0	0	0.842177573186960
804	0	0	0	0	0	0	0.516657167709074
805	0	0	0	0	0	0	0.151868701454032
806	0	0	0	0	0	0	0.380664274287961
807	0	0	0	0	0	0	0.821019401441083
808	0	0	0	0	0	0	0.171364379342800
809	0	0	0	0	0	0	0.329975281417833
810	0	0	0	0	0	0	0.966471986909258
811	0	0	0	0	0	0	0.806292596514217
812	0	0	0	0	0	0	0.222187929982210
813	0	0	0	0	0	0	0.999773122694756
814	0	0	0	0	0	0	0.0637386974643527
815	0	0	0	0	0	0	0.425483118086481
816	0	0	0	0	0	0	0.404338152089687
817	0	0	0	0	0	0	0.400292883883605
818	0	0	0	0	0	0	0.111922643905894
819	0	0	0	0	0	0	0.424310773237634
820	0	0	0	0	0	0	0.613545882666124
821	0	0	0	0	0	0	0.988061285755543
822	0	0	0	0	0	0	0.219900778839496
823	0	0	0	0	0	0	0.354081077910303
824	0	0	0	0	0	0	0.266241879188127
825	0	0	0	0	0	0	0.291498033965174
826	0	0	0	0	0	0	0.188389541510827
827	0	0	0	0	0	0	0.0228596236256173
828	0	0	0	0	0	0	0.449404181948484
829	0	0	0	0	0	0	0.243640193394703
830	0	0	0	0	0	0	0.868726544739881
831	0	0	0	0	0	0	0.528610767442621
832	0	0	0	0	0	0	0.914135168141916
833	0	0	0	0	0	0	0.973930177058907
834	0	0	0	0	0	0	0.585425958662330
835	0	0	0	0	0	0	0.118975382673679
836	0	0	0	0	0	0	0.926532588931345
837	0	0	0	0	0	0	0.593560772481158
838	0	0	0	0	0	0	0.883615304924768
839	0	0	0	0	0	0	0.424475931087654
840	0	0	0	0	0	0	0.607257385884040
841	0	0	0	0	0	0	0.0707635824773016
842	0	0	0	0	0	0	0.924772431183198
843	0	0	0	0	0	0	0.642079416141701
844	0	0	0	0	0	0	0.104499667897575
845	0	0	0	0	0	0	0.700225073689456
846	0	0	0	0	0	0	0.395804328828332
847	0	0	0	0	0	0	0.0849047507770724
848	0	0	0	0	0	0	0.214478867551072
849	0	0	0	0	0	0	0.248798897538397
850	0	0	0	0	0	0	0.226653137461408
851	0	0	0	0	0	0	0.703004391018124
852	0	0	0	0	0	0	0.754152585217828
853	0	0	0	0	0	0	0.547286633863654
854	0	0	0	0	0	0	0.553483419934252
855	0	0	0	0	0	0	0.630572791703042
856	0	0	0	0	0	0	0.985456950514749
857	0	0	0	0	0	0	0.634278202982618
858	0	0	0	0	0	0	0.600455612530821
859	0	0	0	0	0	0	0.909186957080075
860	0	0	0	0	0	0	0.570836633882231
861	0	0	0	0	0	0	0.335419921247063
862	0	0	0	0	0	0	0.957139158310899
863	0	0	0	0	0	0	0.439923122280153
864	0	0	0	0	0	0	0.601542593515676
865	0	0	0	0	0	0	0.720262361570523
866	0	0	0	0	0	0	0.678778341671463
867	0	0	0	0	0	0	0.212759010103203
868	0	0	0	0	0	0	0.0816233750456651
869	0	0	0	0	0	0	0.274479407885599
870	0	0	0	0	0	0	0.867518386466464
871	0	0	0	0	0	0	0.559357067397456
872	0	0	0	0	0	0	0.464627771027320
873	0	0	0	0	0	0	0.430300900780404
874	0	0	0	0	0	0	0.773985920020414
875	0	0	0	0	0	0	0.653920421280792
876	0	0	0	0	0	0	0.657729271666528
877	0	0	0	0	0	0	0.161020904584738
878	0	0	0	0	0	0	0.432376826943672
879	0	0	0	0	0	0	0.505086084355522
880	0	0	0	0	0	0	0.375332280929957
881	0	0	0	0	0	0	0.480372228085867
882	0	0	0	0	0	0	0.342421402767108
883	0	0	0	0	0	0	0.777146440140074
884	0	0	0	0	0	0	0.383943862389807
885	0	0	0	0	0	0	0.711556426991232
886	0	0	0	0	0	0	0.480933407391951
887	0	0	0	0	0	0	0.729180222121572
888	0	0	0	0	0	0	0.937559238963407
889	0	0	0	0	0	0	0.517254402550923
890	0	0	0	0	0	0	0.903068748626668
891	0	0	0	0	0	0	0.218192642130913
892	0	0	0	0	0	0	0.873219340172905
893	0	0	0	0	0	0	0.0826929319308535
894	0	0	0	0	0	0	0.465403416570693
895	0	0	0	0	0	0	0.0219298228079787
896	0	0	0	0	0	0	0.808280550035548
897	0	0	0	0	0	0	0.179209500791232
898	0	0	0	0	0	0	0.165392246853951
899	0	0	0	0	0	0	0.181603467162106
900	0	0	0	0	0	0	0.691436563311207
901	0	0	0	0	0	0	0.213763519227956
902	0	0	0	0	0	0	0.298104859773207
903	0	0	0	0	0	0	0.768335147059746
904	0	0	0	0	0	0	0.501150094646019
905	0	0	0	0	0	0	0.909464806507279
906	0	0	0	0	0	0	0.0578529030879383
907	0	0	0	0	0	0	0.436751928242895
908	0	0	0	0	0	0	0.572254745571166
909	0	0	0	0	0	0	0.565067159777179
910	0	0	0	0	0	0	0.823816567226359
911	0	0	0	0	0	0	0.126098827482582
912	0	0	0	0	0	0	0.300116777533760
913	0	0	0	0	0	0	0.00212202483321056
914	0	0	0	0	0	0	0.951107357890273
915	0	0	0	0	0	0	0.766299363331997
916	0	0	0	0	0	0	0.751304162188150
917	0	0	0	0	0	0	0.138864837140935
918	0	0	0	0	0	0	0.349319542642626
919	0	0	0	0	0	0	0.151340560497478
920	0	0	0	0	0	0	0.496720678257924
921	0	0	0	0	0	0	0.808652252912191
922	0	0	0	0	0	0	0.632868793441147
923	0	0	0	0	0	0	0.688401497692848
924	0	0	0	0	0	0	0.639570217855257
925	0	0	0	0	0	0	0.729321726243568
926	0	0	6.43522300000000	1.90693630000000	0	0	0.859845708085369
927	6.15622570000000	1.83675230000000	0	0	0	0	0.626955379414574
928	10.2603762000000	3.06125380000000	0	0	0	0	0.180591372909388
929	0	0	0.429014900000000	0.127121900000000	0	0	0.573306546332579
930	0	0	10.7253717000000	3.71822720000000	0	0	0.163566156384053
931	6.15622570000000	1.83675230000000	0	0	0	0	0.906051735575510
932	6.15622570000000	1.83675230000000	0	0	0	0	0.0773427851333207
933	0	0	4.29014870000000	1.27129090000000	0	0	0.338534650141676
934	10.2603762000000	3.06125380000000	10.7253717000000	3.17822720000000	10.4320447000000	3.10377660000000	0.580617547397133
935	8.20830090000000	2.44900310000000	8.58029740000000	2.54258170000000	0	0	0.475235157492277
936	6.15622570000000	1.83675230000000	0	0	0	0	0.805320486225532
937	8.20830090000000	2.44900310000000	8.58029740000000	2.54258170000000	0	0	0.530778140974806
938	2.05207520000000	0.612250800000000	0	0	0	0	0.227310331642288
939	6.15622570000000	1.83675230000000	6.43522300000000	1.90693630000000	6.25922680000000	1.86226600000000	0.709484975196481
940	20.5207523000000	6.12250770000000	21.4507543000000	6.35645430000000	20.8640894000000	6.20755320000000	0.148632553204850
941	0	0	6.43522300000000	1.90693630000000	0	0	0.658116181223384
942	20.5207523000000	6.12250770000000	21.4507543000000	6.35645430000000	20.8640894000000	6.20755320000000	0.633982547890093
943	10.2603762000000	3.06125380000000	10.7253717000000	3.17822720000000	10.4320447000000	3.10377660000000	0.229306251465772
944	20.5207523000000	6.12250770000000	21.4507435000000	6.35645430000000	20.8640894000000	6.20755320000000	0.182228015272702
945	6.15622570000000	1.83675230000000	6.43522300000000	1.90693630000000	6.25922680000000	1.86226600000000	0.166352507736450
946	0	0	6.43522300000000	1.90693630000000	0	0	0.149607091618741
947	0	0	0	0	10.4320447000000	3.10377660000000	0.202747397742598
948	0	0	0	0	10.4320447000000	3.10377660000000	0.954958901813773
949	6.15622570000000	1.83675230000000	6.43522300000000	1.90693630000000	6.25922680000000	1.86226600000000	0.0159083388094849
950	20.5207523000000	6.12250770000000	21.4507435000000	6.35645430000000	20.8640894000000	6.20755320000000	0.957514350171183
951	10.2603762000000	3.06125380000000	0	0	0	0	0.0256922853702279
952	41.0415046000000	12.2450154000000	42.9014870000000	12.7129087000000	41.7281788000000	12.4151064000000	0.971110663095709
953	136.668210400000	40.7759011000000	142.861951600000	42.3339859000000	138.954835500000	41.3423042000000	0.297595676758473
954	41.0415046000000	12.2450154000000	42.9014870000000	12.7129087000000	41.7281788000000	12.4151064000000	0.525073079219425
955	10.2603762000000	3.06125380000000	0	0	0	0	0.862339211479325
956	10.2603762000000	3.06125380000000	10.7253717000000	3.17822720000000	10.4320447000000	3.10377660000000	0.896404903464912
957	10.2603762000000	3.06125380000000	10.7253717000000	3.17822720000000	10.4320447000000	3.10377660000000	0.189010555411161
958	10.2603762000000	3.06125380000000	0	0	0	0	0.660719557448035
959	20.5207523000000	6.12250770000000	21.4507435000000	6.35645430000000	20.8640894000000	6.20755320000000	0.941230937873485
960	0	0	0	0	6.25922680000000	1.86226600000000	0.975707125670632
961	0	0	0	0	6.25922680000000	1.86226600000000	0.107935253017744
962	10.2603762000000	3.06125380000000	10.7253717000000	3.17822720000000	10.4320447000000	3.10377660000000	0.178899228022263
963	0	0	10.7253717000000	3.17822720000000	0	0	0.746551427132036
964	20.5207523000000	6.12250770000000	21.4507435000000	6.35645430000000	20.8640894000000	6.20755320000000	0.0494685225319500
965	0	0	10.7253717000000	3.17822720000000	0	0	0.0712848819635339
966	20.5207523000000	6.12250770000000	21.4507435000000	6.35645430000000	20.8640894000000	6.20755320000000	0.489125519571328
967	0	0	4.29014870000000	1.27129090000000	0	0	0.849893821239637
968	6.15622570000000	1.83675230000000	6.43522300000000	1.90693630000000	6.25922680000000	1.86226600000000	0.997041443878000
969	0	0	4.29014870000000	1.27129090000000	0	0	0.00439261258217538
970	68.4025077000000	20.4083589000000	71.5024783000000	21.1881812000000	69.5469647000000	20.6918439000000	0.542607464059079
971	6.20000000000000	1.80000000000000	6.40000000000000	1.90000000000000	6.30000000000000	1.90000000000000	0.861348176416565
972	41.0415046000000	12.2450154000000	42.9014870000000	12.7129087000000	41.7281788000000	12.4151064000000	0.909139024470062
973	10.2603762000000	3.06125380000000	0	0	0	0	0.845350562277612
974	0	0	0	0	4.17287190000000	1.24151060000000	0.878872884638524
975	20.5207523000000	6.12250770000000	21.4507435000000	6.35645430000000	20.8640894000000	6.20755320000000	0.746182237657744
976	6.15622570000000	1.83675230000000	6.43522300000000	1.90693630000000	6.25922680000000	1.86226600000000	0.117489380198907
977	10.2603762000000	3.06125380000000	10.7253717000000	3.17822720000000	10.4320447000000	3.10377660000000	0.509022256836494
978	20.5207523000000	6.12250770000000	21.4507435000000	6.35645430000000	20.8640894000000	6.20755320000000	0.168831763959386
979	6.15622570000000	1.83675230000000	6.43522300000000	1.90693630000000	6.25922680000000	1.86226600000000	0.831111503195807
980	68.4025077000000	20.4083589000000	71.5024783000000	21.1881812000000	69.5469647000000	20.6918439000000	0.928010856738739
981	68.4025077000000	20.4083589000000	71.5024783000000	21.1881812000000	69.5469647000000	20.6918439000000	0.169484428844022
982	205.207523000000	61.2250770000000	214.507435000000	63.5645430000000	208.640894000000	62.0755320000000	0.883737320045210
983	205.207523000000	61.2250770000000	214.507435000000	63.5645430000000	208.640894000000	62.0755320000000	0.387862894629115
984	10.2603762000000	3.06125380000000	10.7253717000000	3.17822720000000	10.4320447000000	3.10377660000000	0.382569460225602
985	102.603762000000	30.6125380000000	107.253717000000	31.7822720000000	104.320447000000	31.0377660000000	0.271452923967019
986	68.4025077000000	20.4083589000000	71.5024783000000	21.1881812000000	69.5469647000000	20.6918439000000	0.867883142835154
987	10.2603762000000	3.06125380000000	10.7253717000000	3.17822720000000	10.4320447000000	3.10377660000000	0.741502457210890
988	0	0	0	0	0	0	0.447872730127646
989	0	0	0	0	0	0	0.709638857830719
990	0	0	0	0	0	0	0.944331282902017
991	0	0	0	0	0	0	0.174117873471634
992	0	0	0	0	0	0	0.244596283964325
993	0	0	0	0	0	0	0.640929124395263
994	0	0	0	0	0	0	0.808612509899044
995	0	0	0	0	0	0	0.853371006453131
996	0	0	0	0	0	0	0.398117646920762
997	0	0	0	0	0	0	0.115493808747709
998	0	0	0	0	0	0	0.0802809517729943
999	0	0	0	0	0	0	0.360467620079557
1000	0	0	0	0	0	0	0.828905549640201
1001	0	0	0	0	0	0	0.214609706276641
1002	0	0	0	0	0	0	0.791040323906674
1003	0	0	0	0	0	0	0.654688314176377
1004	0	0	0	0	0	0	0.0261464480617988
1005	0	0	0	0	0	0	0.785776285897775
1006	0	0	0	0	0	0	0.922563045272989
1007	0	0	0	0	0	0	0.492313130975707
1008	0	0	0	0	0	0	0.834011655118891
1009	0	0	0	0	0	0	0.131353685343350
1010	0	0	0	0	0	0	0.759783471182520
1011	0	0	0	0	0	0	0.925736180672750
1012	0	0	0	0	0	0	0.832707574402226
1013	0	0	0	0	0	0	0.259401160852536
1014	0	0	0	0	0	0	0.213021767362090
1015	0	0	0	0	0	0	0.522314781683827
1016	0	0	0	0	0	0	0.397357100825043
1017	0	0	0	0	0	0	0.479109782553590
1018	0	0	0	0	0	0	0.993903639578547
1019	0	0	0	0	0	0	0.604478457779412
1020	0	0	0	0	0	0	0.944908646327276
1021	0	0	0	0	0	0	0.490442215138490
1022	0	0	0	0	0	0	0.437946559772269
1023	0	0	0	0	0	0	0.772655572388859
1024	0	0	0	0	0	0	0.744066567298336
1025	0	0	0	0	0	0	0.442904067510999
1026	0	0	0	0	0	0	0.0530000525100436
1027	0	0	0	0	0	0	0.0878218441574162
1028	0	0	0	0	0	0	0.797985957677618
1029	0	0	0	0	0	0	0.655582372961194
1030	0	0	0	0	0	0	0.0323355534464184
1031	0	0	0	0	0	0	0.557066829681192
1032	0	0	0	0	0	0	0.719801554892191
1033	0	0	0	0	0	0	0.110408048956958
1034	0	0	0	0	0	0	0.216647376280279
1035	0	0	0	0	0	0	0.811020215616459
1036	0	0	0	0	0	0	0.138661882869267
1037	0	0	0	0	0	0	0.881899200733092
1038	0	0	0	0	0	0	0.923556061690306
1039	0	0	0	0	0	0	0.0127555628361417
1040	0	0	0	0	0	0	0.377159253042995
1041	0	0	0	0	0	0	0.167811688977599
1042	0	0	0	0	0	0	0.540222795744860
1043	0	0	0	0	0	0	0.101662434927830
1044	0	0	0	0	0	0	0.0392677458897454
1045	0	0	0	0	0	0	0.933229111773545
1046	0	0	0	0	0	0	0.971591882864217
1047	0	0	0	0	0	0	0.360928020047589
1048	0	0	0	0	0	0	0.644205403766746
1049	0	0	0	0	0	0	0.0679473020936823
1050	0	0	0	0	0	0	0.207911996415632
1051	0	0	0	0	0	0	0.0396038467757357
1052	0	0	0	0	0	0	0.469359313223853
1053	0	0	0	0	0	0	0.150096722662633
1054	0	0	0	0	0	0	0.991306921184190
1055	0	0	0	0	0	0	0.427062347759695
1056	0	0	0	0	0	0	0.955372102971021
1057	0	0	0	0	0	0	0.724247033520084
1058	0	0	0	0	0	0	0.580891712363774
1059	0	0	0	0	0	0	0.540257907420780
1060	0	0	0	0	0	0	0.705441191564081
1061	0	0	0	0	0	0	0.00502888330112106
1062	0	0	0	0	0	0	0.782515778836242
1063	0	0	0	0	0	0	0.926859573385509
1064	0	0	0	0	0	0	0.00829565739263971
1065	0	0	0	0	0	0	0.824628342666394
1066	0	0	0	0	0	0	0.767335868027880
1067	0	0	0	0	0	0	0.997136895348686
1068	0	0	0	0	0	0	0.227653072058219
1069	0	0	0	0	0	0	0.919542206194465
1070	0	0	0	0	0	0	0.641999305521780
1071	0	0	0	0	0	0	0.105320182975915
1072	0	0	0	0	0	0	0.268160913711683
1073	0	0	0	0	0	0	0.763843764539584
1074	0	0	0	0	0	0	0.805510155575541
1075	0	0	0	0	0	0	0.104252997601917
1076	0	0	0	0	0	0	0.469758776292843
1077	0	0	0	0	0	0	0.219061890891174
1078	0	0	0	0	0	0	0.922707906542724
1079	0	0	0	0	0	0	0.320322632016148
1080	0	0	0	0	0	0	0.857543808780781
1081	0	0	0	0	0	0	0.259846667655122
1082	0	0	0	0	0	0	0.878062942706618
1083	0	0	0	0	0	0	0.188267616829231
1084	0	0	0	0	0	0	0.759193837349818
1085	0	0	0	0	0	0	0.0316893001122069
1086	0	0	0	0	0	0	0.642339157082965
1087	0	0	0	0	0	0	0.566870912760646
1088	0	0	0	0	0	0	0.376409545450067
1089	0	0	0	0	0	0	0.212548379439868
1090	0	0	0	0	0	0	0.792156839532589
1091	0	0	0	0	0	0	0.145443480124611
1092	0	0	0	0	0	0	0.489142450390656
1093	0	0	0	0	0	0	0.0128457468737627
1094	0	0	0	0	0	0	0.186612024812195
1095	0	0	0	0	0	0	0.485230456949770
1096	0	0	0	0	0	0	0.838226076700295
1097	0	0	0	0	0	0	0.141056968599460
1098	0	0	0	0	0	0	0.732216987411750
1099	0	0	0	0	0	0	0.691066915983427
1100	0	0	0	0	0	0	0.0344926197846326
1101	0	0	0	0	0	0	0.488857263608460
1102	0	0	0	0	0	0	0.971390410156509
1103	0	0	0	0	0	0	0.112451379350698
1104	0	0	0	0	0	0	0.743213774200817
1105	0	0	0	0	0	0	0.638541371339421
1106	0	0	0	0	0	0	0.594182912969943
1107	0	0	0	0	0	0	0.498622512736250
1108	0	0	0	0	0	0	0.567852659287788
1109	0	0	0	0	0	0	0.426504251336355
1110	0	0	0	0	0	0	0.0762394423538300
1111	0	0	0	0	0	0	0.290586653457929
1112	0	0	0	0	0	0	0.561335047322795
1113	0	0	0	0	0	0	0.633333468321720
1114	0	0	0	0	0	0	0.930775859048123
1115	0	0	0	0	0	0	0.977769157702234
1116	0	0	0	0	0	0	0.0935965460059537
1117	0	0	0	0	0	0	0.661734944417943
1118	0	0	0	0	0	0	0.602772899485439
1119	0	0	0	0	0	0	0.473817863220927
1120	0	0	0	0	0	0	0.356256342496277
1121	0	0	0	0	0	0	0.475578441633221
1122	0	0	0	0	0	0	0.671022018283348
1123	0	0	0	0	0	0	0.959645196993795
1124	0	0	0	0	0	0	0.0890842655064104
1125	0	0	0	0	0	0	0.797742459847051
1126	0	0	0	0	0	0	0.590775746140887
1127	0	0	0	0	0	0	0.912196754252077
1128	0	0	0	0	0	0	0.101129318887619
1129	0	0	0	0	0	0	0.293294642967131
1130	0	0	0	0	0	0	0.0515882053839337
1131	0	0	0	0	0	0	0.504128180597837
1132	0	0	0	0	0	0	0.768375751898678
1133	0	0	0	0	0	0	0.282985376214109
1134	0	0	0	0	0	0	0.225360245794357
1135	0	0	0	0	0	0	0.331289642625589
1136	0	0	0	0	0	0	0.453251351408243
1137	0	0	0	0	0	0	0.737384638181300
1138	0	0	0	0	0	0	0.509885654703147
1139	0	0	0	0	0	0	0.382514191853397
1140	0	0	0	0	0	0	0.905483216847227
1141	0	0	0	0	0	0	0.965257748969727
1142	0	0	0	0	0	0	0.628267352552455
1143	0	0	0	0	0	0	0.132031170054907
1144	0	0	0	0	0	0	0.618301778328654
1145	0	0	0	0	0	0	0.383020104064703
1146	0	0	0	0	0	0	0.991193747568799
1147	0	0	0	0	0	0	0.286827284759212
1148	0	0	0	0	0	0	0.706191429589364
1149	0	0	0	0	0	0	0.535205897505445
1150	0	0	0	0	0	0	0.193211038592101
1151	0	0	0	0	0	0	0.689435100924171
1152	0	0	0	0	0	0	0.0504550031686729
1153	0	0	0	0	0	0	0.184434115699354
1154	0	0	0	0	0	0	0.0456583234773829
1155	0	0	0	0	0	0	0.885041502041251
1156	0	0	0	0	0	0	0.839794385798114
1157	0	0	0	0	0	0	0.118155245153682
1158	0	0	0	0	0	0	0.410414853697837
1159	0	0	0	0	0	0	0.120228589990650
1160	0	0	0	0	0	0	0.572092522260723
1161	0	0	0	0	0	0	0.949390134629152
1162	0	0	0	0	0	0	0.256385159796880
1163	0	0	0	0	0	0	0.989865435151316
1164	0	0	0	0	0	0	0.349808041044371
1165	0	0	0	0	0	0	0.208522373893430
1166	0	0	0	0	0	0	0.665827160044803
1167	0	0	0	0	0	0	0.973344706720870
1168	0	0	0	0	0	0	0.622699821538518
1169	0	0	0	0	0	0	0.0635378925573686
1170	0	0	0	0	0	0	0.373509533241305
1171	0	0	0	0	0	0	0.166251535436548
1172	0	0	0	0	0	0	0.231278078105778
1173	0	0	0	0	0	0	0.0522086332938522
1174	0	0	0	0	0	0	0.901756316713514
1175	0	0	0	0	0	0	0.793291699901326
1176	0	0	0	0	0	0	0.373014324844645
1177	0	0	0	0	0	0	0.832054705376542
1178	0	0	0	0	0	0	0.753834556589773
1179	0	0	0	0	0	0	0.621863097261786
1180	0	0	0	0	0	0	0.394093180849151
1181	0	0	0	0	0	0	0.359277961450212
1182	0	0	0	0	0	0	0.0888524608922825
1183	0	0	0	0	0	0	0.341677003639647
1184	0	0	0	0	0	0	0.548670594067366
1185	0	0	0	0	0	0	0.460547461088786
1186	0	0	0	0	0	0	0.645452373435590
1187	0	0	0	0	0	0	0.513520841267514
1188	0	0	0	0	0	0	0.814426468563278
1189	0	0	0	0	0	0	0.0971832059869966
1190	0	0	0	0	0	0	0.463713560645511
1191	0	0	0	0	0	0	0.589817489604743
1192	0	0	0	0	0	0	0.187172070539839
1193	0	0	0	0	0	0	0.611330146637952
1194	0	0	0	0	0	0	0.0519419813683460
1195	0	0	0	0	0	0	0.575726948453721
1196	0	0	0	0	0	0	0.842344701828773
1197	0	0	0	0	0	0	0.499725973621345
1198	0	0	0	0	0	0	0.439024887659214
1199	0	0	0	0	0	0	0.149057083245688
1200	0	0	0	0	0	0	0.0282794508957929
1201	0	0	0	0	0	0	0.756669787984348
1202	0	0	0	0	0	0	0.796106235942840
1203	0	0	0	0	0	0	0.293555594417440
1204	0	0	0	0	0	0	0.115206746018031
1205	0	0	0	0	0	0	0.375091630987986
1206	0	0	0	0	0	0	0.828893745056770
1207	0	0	0	0	0	0	0.841776581954761
1208	0	0	0	0	0	0	0.665238451557799
1209	0	0	0	0	0	0	0.960139975886254
1210	0	0	0	0	0	0	0.943117892210703
1211	0	0	0	0	0	0	0.112699492380728
1212	0	0	0	0	0	0	0.648287449225586
1213	0	0	0	0	0	0	0.480804051679440
1214	0	0	0	0	0	0	0.0665206919491224
1215	0	0	0	0	0	0	0.897771225532002
1216	0	0	0	0	0	0	0.497230128936991
1217	0	0	0	0	0	0	0.771303428858631
1218	0	0	0	0	0	0	0.0603622294239692
1219	0	0	0	0	0	0	0.262457464904029
1220	0	0	0	0	0	0	0.651069368702479
1221	0	0	0	0	0	0	0.133603910449774
1222	0	0	0	0	0	0	0.638545736824786
1223	0	0	0	0	0	0	0.384943094967874
1224	0	0	0	0	0	0	0.765698125674700
1225	0	0	0	0	0	0	0.652915682156136
1226	0	0	0	0	0	0	0.381489065282516
1227	0	0	0	0	0	0	0.300018582740438
1228	0	0	0	0	0	0	0.340139555506767
1229	0	0	0	0	0	0	0.918926536712417
1230	0	0	0	0	0	0	0.456266813303239
1231	0	0	0	0	0	0	0.442496952598123
1232	0	0	0	0	0	0	0.454185819615522
1233	0	0	0	0	0	0	0.945282009186640
1234	0	0	0	0	0	0	0.219118952550175
1235	0	0	0	0	0	0	0.882402795931734
1236	0	0	0	0	0	0	0.0198754228247094
1237	0	0	0	0	0	0	0.341764883237310
1238	0	0	0	0	0	0	0.766027445694415
1239	0	0	0	0	0	0	0.342803701519393
1240	0	0	0	0	0	0	0.618806404154405
1241	0	0	0	0	0	0	0.453021162091896
1242	0	0	0	0	0	0	0.0101626026279142
1243	0	0	0	0	0	0	0.599081167470487
1244	0	0	0	0	0	0	0.601568348358472
1245	0	0	0	0	0	0	0.649417450961366
1246	0	0	0	0	0	0	0.342720632582221
1247	0	0	0	0	0	0	0.493299255574885
1248	0	0	0	0	0	0	0.701773945253530
1249	0	0	0	0	0	0	0.887802601429490
1250	0	0	0	0	0	0	0.0550578461561846
1251	0	0	0	0	0	0	0.0983619505457304
1252	0	0	0	0	0	0	0.649782785472762
1253	0	0	0	0	0	0	0.764070891236327
1254	0	0	0	0	0	0	0.987958941597841
1255	0	0	6.43522300000000	1.90693630000000	0	0	0.125324791415593
1256	6.15622570000000	1.83675230000000	0	0	0	0	0.364477175202600
1257	10.2603762000000	3.06125380000000	0	0	0	0	0.676230090282253
1258	0	0	0.429014900000000	0.127121900000000	0	0	0.375758171217492
1259	0	0	10.7253717000000	3.71822720000000	0	0	0.863458491467109
1260	6.15622570000000	1.83675230000000	0	0	0	0	0.291976750986030
1261	6.15622570000000	1.83675230000000	0	0	0	0	0.133474990584297
1262	0	0	4.29014870000000	1.27129090000000	0	0	0.672650514427429
1263	10.2603762000000	3.06125380000000	10.7253717000000	3.17822720000000	10.4320447000000	3.10377660000000	0.202584980871927
1264	8.20830090000000	2.44900310000000	8.58029740000000	2.54258170000000	0	0	0.868515198201092
1265	6.15622570000000	1.83675230000000	0	0	0	0	0.751157321899609
1266	8.20830090000000	2.44900310000000	8.58029740000000	2.54258170000000	0	0	0.419379649992969
1267	2.05207520000000	0.612250800000000	0	0	0	0	0.000231065199416736
1268	6.15622570000000	1.83675230000000	6.43522300000000	1.90693630000000	6.25922680000000	1.86226600000000	0.149463732367703
1269	20.5207523000000	6.12250770000000	21.4507543000000	6.35645430000000	20.8640894000000	6.20755320000000	0.273834301544268
1270	0	0	6.43522300000000	1.90693630000000	0	0	0.872425018962880
1271	20.5207523000000	6.12250770000000	21.4507543000000	6.35645430000000	20.8640894000000	6.20755320000000	0.601251143911812
1272	10.2603762000000	3.06125380000000	10.7253717000000	3.17822720000000	10.4320447000000	3.10377660000000	0.321188452831265
1273	20.5207523000000	6.12250770000000	21.4507435000000	6.35645430000000	20.8640894000000	6.20755320000000	0.284293074456312
1274	6.15622570000000	1.83675230000000	6.43522300000000	1.90693630000000	6.25922680000000	1.86226600000000	0.435315805784207
1275	0	0	6.43522300000000	1.90693630000000	0	0	0.903759051181981
1276	0	0	0	0	10.4320447000000	3.10377660000000	0.925105644987009
1277	0	0	0	0	10.4320447000000	3.10377660000000	0.505292452205831
1278	6.15622570000000	1.83675230000000	6.43522300000000	1.90693630000000	6.25922680000000	1.86226600000000	0.627581809270030
1279	20.5207523000000	6.12250770000000	21.4507435000000	6.35645430000000	20.8640894000000	6.20755320000000	0.719263926822411
1280	10.2603762000000	3.06125380000000	0	0	0	0	0.0239128813596552
1281	41.0415046000000	12.2450154000000	42.9014870000000	12.7129087000000	41.7281788000000	12.4151064000000	0.574932501996900
1282	136.668210400000	40.7759011000000	142.861951600000	42.3339859000000	138.954835500000	41.3423042000000	0.0465344640640383
1283	41.0415046000000	12.2450154000000	42.9014870000000	12.7129087000000	41.7281788000000	12.4151064000000	0.422531388268483
1284	10.2603762000000	3.06125380000000	0	0	0	0	0.467734261291993
1285	10.2603762000000	3.06125380000000	10.7253717000000	3.17822720000000	10.4320447000000	3.10377660000000	0.0226279867559067
1286	10.2603762000000	3.06125380000000	10.7253717000000	3.17822720000000	10.4320447000000	3.10377660000000	0.0650740424646463
1287	10.2603762000000	3.06125380000000	0	0	0	0	0.923956335725144
1288	20.5207523000000	6.12250770000000	21.4507435000000	6.35645430000000	20.8640894000000	6.20755320000000	0.534142863944270
1289	0	0	0	0	6.25922680000000	1.86226600000000	0.366796468997375
1290	0	0	0	0	6.25922680000000	1.86226600000000	0.363946179540744
1291	10.2603762000000	3.06125380000000	10.7253717000000	3.17822720000000	10.4320447000000	3.10377660000000	0.151373665826451
1292	0	0	10.7253717000000	3.17822720000000	0	0	0.149608598632666
1293	20.5207523000000	6.12250770000000	21.4507435000000	6.35645430000000	20.8640894000000	6.20755320000000	0.350802091637144
1294	0	0	10.7253717000000	3.17822720000000	0	0	0.335966095668561
1295	20.5207523000000	6.12250770000000	21.4507435000000	6.35645430000000	20.8640894000000	6.20755320000000	0.784027846268716
1296	0	0	4.29014870000000	1.27129090000000	0	0	0.486739211626018
1297	6.15622570000000	1.83675230000000	6.43522300000000	1.90693630000000	6.25922680000000	1.86226600000000	0.464798012873766
1298	0	0	4.29014870000000	1.27129090000000	0	0	0.131252551596790
1299	68.4025077000000	20.4083589000000	71.5024783000000	21.1881812000000	69.5469647000000	20.6918439000000	0.886391470888295
1300	6.20000000000000	1.80000000000000	6.40000000000000	1.90000000000000	6.30000000000000	1.90000000000000	0.674557425628767
1301	41.0415046000000	12.2450154000000	42.9014870000000	12.7129087000000	41.7281788000000	12.4151064000000	0.835159638023036
1302	10.2603762000000	3.06125380000000	0	0	0	0	0.656487934875432
1303	0	0	0	0	4.17287190000000	1.24151060000000	0.983916976496475
1304	20.5207523000000	6.12250770000000	21.4507435000000	6.35645430000000	20.8640894000000	6.20755320000000	0.979789871891285
1305	6.15622570000000	1.83675230000000	6.43522300000000	1.90693630000000	6.25922680000000	1.86226600000000	0.250153013597979
1306	10.2603762000000	3.06125380000000	10.7253717000000	3.17822720000000	10.4320447000000	3.10377660000000	0.624570703542190
1307	20.5207523000000	6.12250770000000	21.4507435000000	6.35645430000000	20.8640894000000	6.20755320000000	0.728242423153538
1308	6.15622570000000	1.83675230000000	6.43522300000000	1.90693630000000	6.25922680000000	1.86226600000000	0.498170315267308
1309	68.4025077000000	20.4083589000000	71.5024783000000	21.1881812000000	69.5469647000000	20.6918439000000	0.849828294959274
1310	68.4025077000000	20.4083589000000	71.5024783000000	21.1881812000000	69.5469647000000	20.6918439000000	0.190918203621887
1311	205.207523000000	61.2250770000000	214.507435000000	63.5645430000000	208.640894000000	62.0755320000000	0.124143787222168
1312	205.207523000000	61.2250770000000	214.507435000000	63.5645430000000	208.640894000000	62.0755320000000	0.00279042132911189
1313	10.2603762000000	3.06125380000000	10.7253717000000	3.17822720000000	10.4320447000000	3.10377660000000	0.152952789981843
1314	102.603762000000	30.6125380000000	107.253717000000	31.7822720000000	104.320447000000	31.0377660000000	0.534160824643418
1315	68.4025077000000	20.4083589000000	71.5024783000000	21.1881812000000	69.5469647000000	20.6918439000000	0.510633605136478
1316	10.2603762000000	3.06125380000000	10.7253717000000	3.17822720000000	10.4320447000000	3.10377660000000	0.385215879879770
1317	0	0	0	0	0	0	0.310596453716413