0
73
74
76
227
228
229
230
231
232
233
234
235
236
237
238
239
240
242
243
244
245
247
248
249
250
251
252
253
254
255
256
257
258
259
260
261
262
263
265
266
329
402
403
405
556
557
558
559
560
561
562
563
564
565
566
567
568
569
571
572
573
574
576
577
578
579
580
581
582
583
584
585
586
587
588
589
590
591
592
594
595
658
731
732
734
885
886
887
888
889
890
891
892
893
894
895
896
897
898
900
901
902
903
905
906
907
908
909
910
911
912
913
914
915
916
917
918
919
920
921
923
924
987
1060
1061
1063
1214
1215
1216
1217
1218
1219
1220
1221
1222
1223
1224
1225
1226
1227
1229
1230
1231
1232
1234
1235
1236
1237
1238
1239
1240
1241
1242
1243
1244
1245
1246
1247
1248
1249
1250
1252
1253
1316
1317
1318
1319
1320
1321
1322
1323
1324
1325
1326